# 3dvolreg matrices (DICOM-to-DICOM, row-by-row):
            1             0             0            -0             0             1             0            -0             0             0             1            -0
            1  -4.88423e-05   3.83667e-05   -0.00453713   4.88463e-05             1  -0.000103253     0.0401884  -3.83617e-05   0.000103255             1    -0.0395881
            1    -5.544e-05   0.000110928   8.39028e-05   5.53968e-05             1   0.000389928      0.029867   -0.00011095  -0.000389921             1    -0.0680216
            1  -0.000285722   0.000294466    0.00986889   0.000285716             1   1.99778e-05    -0.0194076  -0.000294472  -1.98937e-05             1    -0.0592924
            1    0.00010014  -1.04844e-05     0.0064323  -0.000100142             1  -0.000153396     0.0199351    1.0469e-05   0.000153397             1    -0.0153202
            1  -1.69538e-05  -5.99232e-05   -0.00818949   1.69344e-05             1  -0.000324082     0.0402822   5.99287e-05    0.00032408             1    -0.0649519
            1  -0.000110861  -3.04121e-05   -0.00915231    0.00011085             1  -0.000369973     0.0963818   3.04531e-05    0.00036997             1    -0.0888116
            1  -0.000315686  -9.01506e-06    -0.0116165   0.000315686             1  -8.77488e-07  -0.000458733   9.01534e-06   8.74642e-07             1     -0.114247
            1   3.85302e-05    7.5514e-05    0.00693442  -3.85434e-05             1   0.000174691    -0.0308291  -7.55073e-05  -0.000174693             1     -0.122135
            1  -0.000205888  -3.84901e-05   -0.00824644     0.0002059             1   0.000316577     0.0739646    3.8425e-05  -0.000316584             1    -0.0902817
            1  -0.000336484  -0.000106555     -0.017021   0.000336478             1  -5.19209e-05     0.0999606   0.000106573   5.18851e-05             1    -0.0701856
            1  -0.000419736  -9.09606e-05    -0.0204334   0.000419739             1   3.65157e-05     0.0866485   9.09453e-05  -3.65539e-05             1     -0.107656
            1  -0.000237649    2.2146e-05   -0.00572517   0.000237621      0.999999    0.00126219      0.083266  -2.24459e-05   -0.00126218      0.999999      -0.17355
            1  -0.000112103  -0.000204243    -0.0136994   0.000112306      0.999999   0.000995534     0.0776225   0.000204132  -0.000995557      0.999999     -0.111716
            1  -0.000197754  -0.000204077    -0.0210738   0.000197901             1   0.000722711      0.151929   0.000203934  -0.000722751             1     -0.114468
            1  -0.000240964  -0.000123112    -0.0203216   0.000241105      0.999999    0.00114094     0.0984317   0.000122837   -0.00114097      0.999999     -0.151198
            1  -0.000271138  -0.000224898    -0.0167032   0.000271402      0.999999    0.00117519     0.0807408   0.000224579   -0.00117525      0.999999      -0.16001
            1   -0.00022324  -0.000378733    -0.0205419    0.00022383      0.999999    0.00155944     0.0835621   0.000378385   -0.00155952      0.999999     -0.199326
            1  -0.000361116  -0.000542742    -0.0297749   0.000361799      0.999999    0.00126006      0.175361   0.000542287   -0.00126026      0.999999     -0.139058
            1  -0.000450921  -0.000455281    -0.0360178   0.000451415      0.999999    0.00108494      0.171695   0.000454791   -0.00108515      0.999999     -0.138049
            1  -0.000510455  -0.000254689     -0.034767   0.000510725      0.999999     0.0010604      0.133316   0.000254148   -0.00106053      0.999999     -0.156505
            1  -0.000545525   -0.00023762    -0.0335153   0.000545869      0.999999    0.00145133      0.175468   0.000236828   -0.00145146      0.999999      -0.18051
            1  -0.000293994  -0.000202159    -0.0168997   0.000294226      0.999999    0.00114668      0.150365   0.000201822   -0.00114674      0.999999     -0.152221
            1  -0.000357052  -0.000244648    -0.0243851   0.000357292      0.999999    0.00098321      0.114867   0.000244297  -0.000983298      0.999999     -0.124859
            1  -0.000464876  -0.000149616    -0.0306955   0.000465077      0.999999    0.00134587      0.139797    0.00014899   -0.00134594      0.999999     -0.161863
            1  -0.000425281  -0.000180795    -0.0276453   0.000425489      0.999999    0.00114815      0.160797   0.000180307   -0.00114823      0.999999     -0.165422
            1  -0.000312471  -0.000253975    -0.0245261   0.000312803      0.999999    0.00131115      0.124475   0.000253565   -0.00131123      0.999999     -0.177372
            1  -2.05782e-05  -0.000305889    -0.0158089   2.10909e-05      0.999999     0.0016762      0.102546   0.000305854   -0.00167621      0.999999     -0.172378
            1  -0.000223607  -0.000341451    -0.0239117   0.000224044      0.999999    0.00127944      0.152024   0.000341164   -0.00127952      0.999999     -0.135804
            1   -0.00039491  -0.000486965     -0.039603   0.000395408      0.999999    0.00102241      0.151837   0.000486561   -0.00102261      0.999999     -0.146242
            1  -0.000434934  -0.000372516    -0.0363697   0.000435507      0.999999    0.00153871      0.149863   0.000371846   -0.00153887      0.999999      -0.18077
            1  -0.000393024  -0.000370543    -0.0328304   0.000393488      0.999999     0.0012529     0.0496809    0.00037005   -0.00125305      0.999999      -0.16312
            1  -0.000548395  -0.000423101    -0.0465304   0.000549051      0.999999    0.00155202      0.112954   0.000422249   -0.00155225      0.999999     -0.210187
            1   -0.00058964  -0.000513014    -0.0511232   0.000590401      0.999999    0.00148543      0.216689   0.000512138   -0.00148574      0.999999     -0.196153
            1  -0.000543903   -0.00063029     -0.053741   0.000544863      0.999999    0.00152371      0.240372    0.00062946   -0.00152406      0.999999     -0.206104
            1  -0.000529305  -0.000461106    -0.0472739   0.000529982      0.999999    0.00146951      0.215252   0.000460327   -0.00146976      0.999999     -0.213698
            1  -0.000413079   -0.00037252     -0.034042   0.000413755      0.999998    0.00181827      0.151412   0.000371768   -0.00181843      0.999998     -0.236643
            1  -0.000280492  -0.000396549     -0.023644   0.000281127      0.999999    0.00160046       0.14583     0.0003961   -0.00160057      0.999999     -0.193635
            1  -0.000545866  -0.000313564    -0.0369004   0.000546347      0.999999    0.00153513      0.229562   0.000312725    -0.0015353      0.999999     -0.187533
            1  -0.000674914  -0.000372592    -0.0510799   0.000675498      0.999999    0.00156896      0.176789   0.000371533   -0.00156921      0.999999     -0.213749
            1  -0.000755571  -0.000284465    -0.0425536   0.000756134      0.999998    0.00198525      0.179502   0.000282964   -0.00198546      0.999998     -0.235262
            1  -0.000597574  -0.000375245    -0.0389684   0.000598142      0.999999    0.00151559       0.14647   0.000374338   -0.00151581      0.999999     -0.210332
            1  -0.000571985  -0.000336225    -0.0383939   0.000572681      0.999998    0.00207387      0.174724   0.000335038   -0.00207406      0.999998     -0.233302
            1  -0.000894632  -0.000426156    -0.0476335   0.000895385      0.999998    0.00177026      0.179429   0.000424571   -0.00177064      0.999998     -0.200662
     0.999999  -0.000940393  -0.000412061    -0.0505306   0.000941031      0.999998     0.0015514      0.211138   0.000410602   -0.00155179      0.999999     -0.223717
            1  -0.000878891  -0.000418297    -0.0503866   0.000879683      0.999998     0.0018958      0.219131    0.00041663   -0.00189617      0.999998     -0.252097
            1  -0.000744831  -0.000429561    -0.0430692   0.000745788      0.999997    0.00223167      0.198358   0.000427898   -0.00223199      0.999997     -0.261637
            1  -0.000698392  -0.000447735    -0.0401712   0.000699311      0.999998    0.00205618      0.183436   0.000446298   -0.00205649      0.999998     -0.218026
     0.999999  -0.000865293   -0.00050698    -0.0543286   0.000866211      0.999998    0.00181376      0.301538    0.00050541    -0.0018142      0.999998     -0.233419
     0.999999  -0.000982912   -0.00037351    -0.0565892   0.000983746      0.999997     0.0022386      0.267342   0.000371309   -0.00223897      0.999997     -0.264131
            1  -0.000739686  -0.000330194    -0.0407329    0.00074031      0.999998    0.00189512      0.161703   0.000328792   -0.00189536      0.999998     -0.246173
            1  -0.000608688  -0.000431002    -0.0397146    0.00060956      0.999998    0.00202573      0.149769   0.000429768   -0.00202599      0.999998     -0.221314
            1  -0.000736492  -0.000478842    -0.0496879   0.000737487      0.999998    0.00208028      0.259134   0.000477309   -0.00208063      0.999998     -0.241889
            1  -0.000692331   -0.00053777    -0.0509175   0.000693375      0.999998    0.00194296      0.243841   0.000536424   -0.00194334      0.999998     -0.240086
            1   -0.00070061  -0.000476006    -0.0478299   0.000701518      0.999998    0.00190998      0.222114   0.000474667   -0.00191031      0.999998     -0.251955
            1  -0.000568077  -0.000496573    -0.0428024   0.000569181      0.999997    0.00222637      0.190015   0.000495307   -0.00222665      0.999997     -0.261068
            1  -0.000495288  -0.000514242    -0.0378076   0.000496307      0.999998    0.00198159      0.242093   0.000513259   -0.00198184      0.999998     -0.223246
            1  -0.000691901  -0.000562248    -0.0530155   0.000692922      0.999998    0.00181761      0.256322   0.000560989   -0.00181799      0.999998      -0.22518
            1  -0.000824286  -0.000497721    -0.0530324   0.000825441      0.999997    0.00232354      0.271308   0.000495804   -0.00232395      0.999997     -0.257419
            1  -0.000717228  -0.000554059     -0.047454   0.000718466      0.999997    0.00223742      0.191214   0.000552452   -0.00223782      0.999997     -0.274652
            1  -0.000616749  -0.000457676    -0.0438783   0.000617906      0.999997     0.0025326      0.206095   0.000456113   -0.00253288      0.999997     -0.292153
            1  -0.000650896  -0.000551254    -0.0435186   0.000652242      0.999997     0.0024452      0.266057    0.00054966   -0.00244555      0.999997     -0.245284
            1  -0.000625495  -0.000565968    -0.0461501    0.00062669      0.999998    0.00211376      0.278982   0.000564645   -0.00211412      0.999998     -0.250865
            1  -0.000671747  -0.000415273    -0.0412632    0.00067281      0.999996    0.00256711      0.281906   0.000413547   -0.00256739      0.999997     -0.286164
            1  -0.000631522  -0.000394498    -0.0346914   0.000632416      0.999997    0.00227015      0.198949   0.000393063    -0.0022704      0.999997     -0.253524
            1  -0.000588527  -0.000519779    -0.0394775   0.000589715      0.999997    0.00228726      0.241792   0.000518432   -0.00228757      0.999997     -0.235287
            1  -0.000788875  -0.000551657    -0.0533188   0.000790219      0.999997    0.00243912      0.294591   0.000549731   -0.00243956      0.999997     -0.256499
            1  -0.000809583  -0.000507037    -0.0528934   0.000810777      0.999997    0.00235881      0.266606   0.000505126   -0.00235922      0.999997     -0.257576
            1  -0.000763212  -0.000533286    -0.0517868   0.000764409      0.999997    0.00224689      0.233812    0.00053157    -0.0022473      0.999997     -0.274412
            1  -0.000694412  -0.000499019     -0.046242   0.000695648      0.999997    0.00247982      0.133666   0.000497296   -0.00248017      0.999997      -0.27895
            1  -0.000646455  -0.000536983    -0.0446058   0.000647604      0.999997    0.00214163      0.259268   0.000535597   -0.00214198      0.999998     -0.243888
     0.999999   -0.00085862  -0.000523559    -0.0541963   0.000859672      0.999998    0.00201218      0.276521    0.00052183   -0.00201263      0.999998     -0.245565
     0.999999  -0.000916938  -0.000616004    -0.0621434    0.00091862      0.999996    0.00273595        0.3091   0.000613493   -0.00273652      0.999996     -0.292242
            1  -0.000823313  -0.000538065    -0.0552377   0.000824675      0.999996    0.00253668      0.222581   0.000535975   -0.00253712      0.999997     -0.289855
            1   -0.00070598  -0.000522852    -0.0475583   0.000707464      0.999996    0.00284453      0.212681   0.000520841    -0.0028449      0.999996     -0.312879
            1   -0.00071597  -0.000639369    -0.0466275   0.000717725      0.999996    0.00274879      0.286623   0.000637398   -0.00274925      0.999996     -0.279446
     0.999999  -0.000798099  -0.000624789    -0.0549476   0.000799584      0.999997    0.00237993      0.326107   0.000622887   -0.00238043      0.999997       -0.2772
     0.999999     -0.000949  -0.000556583    -0.0629583   0.000950525      0.999996    0.00274704      0.309615   0.000553974   -0.00274757      0.999996     -0.316673
     0.999999  -0.000909644  -0.000622406    -0.0568129   0.000911192      0.999996    0.00249193       0.26959   0.000620137   -0.00249249      0.999997     -0.303293
     0.999999  -0.000909834  -0.000652819    -0.0616606   0.000911547      0.999996    0.00262858      0.257833   0.000650425   -0.00262917      0.999996     -0.334244
     0.999999  -0.000862129  -0.000815667    -0.0574419    0.00086444      0.999996    0.00283649      0.237887   0.000813218    -0.0028372      0.999996     -0.302906
     0.999999  -0.000959412  -0.000760337     -0.062859   0.000961399      0.999996    0.00261758       0.31637   0.000757822    -0.0026183      0.999996     -0.284344
     0.999999   -0.00103955  -0.000694302    -0.0679273     0.0010412      0.999997    0.00237829      0.257751   0.000691828   -0.00237901      0.999997     -0.284186
     0.999999  -0.000939509  -0.000641718    -0.0577533   0.000941355      0.999995    0.00288309      0.277123   0.000639006   -0.00288369      0.999996     -0.320392
     0.999999  -0.000739083  -0.000701753     -0.051006   0.000740952      0.999996    0.00266592      0.284895    0.00069978   -0.00266644      0.999996     -0.320902
     0.999999  -0.000735428  -0.000726776    -0.0504527   0.000737412      0.999996    0.00273338       0.26335   0.000724762   -0.00273392      0.999996     -0.297558
     0.999999   -0.00091544  -0.000630178    -0.0577729   0.000917272      0.999995    0.00291398      0.326633   0.000627507   -0.00291456      0.999996     -0.314736
     0.999999   -0.00092751  -0.000654761    -0.0597896   0.000929245      0.999996    0.00265493      0.297564   0.000652296   -0.00265554      0.999996     -0.301638
     0.999999  -0.000937698  -0.000659726    -0.0596774   0.000939475      0.999996    0.00269851      0.292003   0.000657193   -0.00269913      0.999996     -0.325962
     0.999999  -0.000785597  -0.000644355    -0.0482442   0.000787476      0.999995    0.00292074      0.283256   0.000642058   -0.00292125      0.999996     -0.314841
     0.999999  -0.000818992  -0.000716426    -0.0567533   0.000821053      0.999996    0.00288181      0.306707   0.000714063    -0.0028824      0.999996     -0.295421
     0.999999  -0.000918065  -0.000652387    -0.0668923   0.000919901      0.999996     0.0028203      0.391573   0.000649795    -0.0028209      0.999996     -0.324822
     0.999999  -0.000912436  -0.000758171    -0.0673032   0.000914804      0.999995    0.00312967      0.337412   0.000755311   -0.00313036      0.999995     -0.356417
     0.999999  -0.000756537  -0.000790525    -0.0594863   0.000758888      0.999995    0.00297796      0.327684   0.000788268   -0.00297856      0.999995     -0.342036
     0.999999  -0.000810392  -0.000766648     -0.062843    0.00081285      0.999995     0.0032102      0.305667   0.000764043   -0.00321082      0.999995     -0.324248
     0.999999  -0.000868829  -0.000805308    -0.0662468   0.000871399      0.999995    0.00319597      0.349139   0.000802527   -0.00319667      0.999995     -0.322595
     0.999999  -0.000826608   -0.00077898     -0.063046   0.000828963      0.999995    0.00302705      0.341209   0.000776473   -0.00302769      0.999995     -0.339271
     0.999999  -0.000711356  -0.000753064    -0.0586101   0.000713919      0.999994     0.0034092      0.315452   0.000750635   -0.00340974      0.999994     -0.372095
     0.999999  -0.000714493  -0.000808178    -0.0495954   0.000717141      0.999994    0.00328091        0.3114   0.000805829   -0.00328149      0.999994     -0.319104
     0.999999  -0.000812649   -0.00081072    -0.0599658    0.00081512      0.999995     0.0030521      0.402708   0.000808236   -0.00305276      0.999995     -0.318641
     0.999999  -0.000926831   -0.00065876    -0.0668676   0.000929262      0.999993    0.00370074      0.327341   0.000655325   -0.00370135      0.999993     -0.358588
     0.999999  -0.000923353  -0.000621933    -0.0600255   0.000925536      0.999993    0.00351922      0.363811    0.00061868    -0.0035198      0.999994      -0.35562
     0.999999  -0.000805252  -0.000812849    -0.0613672   0.000808021      0.999994    0.00341245      0.263357   0.000810096   -0.00341311      0.999994     -0.335916
     0.999999  -0.000761869  -0.000792921    -0.0597603   0.000764653      0.999994    0.00351729      0.367644   0.000790236   -0.00351789      0.999993     -0.340798
     0.999999  -0.000892194  -0.000793828    -0.0663155   0.000894907      0.999994    0.00342343      0.387276   0.000790769   -0.00342414      0.999994     -0.327408
     0.999999  -0.000875858  -0.000771975    -0.0699799   0.000878405      0.999994     0.0033043      0.355863   0.000769076   -0.00330497      0.999994     -0.333678
     0.999999  -0.000898316   -0.00066507    -0.0630727   0.000900703      0.999993    0.00359829      0.353965   0.000661833   -0.00359889      0.999993     -0.378292
     0.999999  -0.000738646  -0.000748265    -0.0534398   0.000741054      0.999995    0.00322295      0.312933    0.00074588    -0.0032235      0.999995     -0.329051
     0.999999  -0.000762978  -0.000782072    -0.0572495    0.00076544      0.999995    0.00315176      0.343219   0.000779663   -0.00315236      0.999995     -0.316302
     0.999999  -0.000879798  -0.000686841    -0.0661508   0.000882245      0.999993    0.00356952      0.375975   0.000683695   -0.00357012      0.999993     -0.360335
     0.999999  -0.000897761  -0.000742635    -0.0634759   0.000900334      0.999994    0.00347217      0.373924   0.000739513   -0.00347283      0.999994     -0.357798
     0.999999  -0.000830434  -0.000788452    -0.0627449   0.000833018      0.999994     0.0032834      0.305935   0.000785721   -0.00328405      0.999994     -0.348541
     0.999999  -0.000735846  -0.000875335    -0.0633033   0.000738967      0.999993    0.00357073      0.342708   0.000872702   -0.00357137      0.999993     -0.353905
     0.999999   -0.00088001  -0.000875482    -0.0689751   0.000883023      0.999994    0.00344696      0.414044   0.000872444   -0.00344773      0.999994     -0.336752
     0.999999  -0.000872374  -0.000805612    -0.0662747   0.000875066      0.999994    0.00334706      0.360456   0.000802688   -0.00334776      0.999994     -0.330551
     0.999999   -0.00087202  -0.000693131    -0.0644654   0.000874645      0.999992    0.00379602      0.379574   0.000689815   -0.00379663      0.999993     -0.387856
     0.999999  -0.000715819  -0.000790036    -0.0552749   0.000718635      0.999993    0.00357006      0.308681   0.000787476   -0.00357063      0.999993     -0.354681
     0.999999  -0.000773914   -0.00077565    -0.0552191   0.000776625      0.999994    0.00350099      0.358061   0.000772935   -0.00350159      0.999994     -0.325428
     0.999999  -0.000830941  -0.000762013    -0.0659782   0.000833506      0.999994    0.00337276      0.393018   0.000759206   -0.00337339      0.999994     -0.318784
     0.999999  -0.000957635  -0.000602365    -0.0667424    0.00095993      0.999992    0.00382145      0.362324   0.000598701   -0.00382203      0.999993     -0.369925
     0.999999  -0.000798526  -0.000658342    -0.0547015   0.000800889      0.999993    0.00359659      0.401429   0.000655466   -0.00359711      0.999993     -0.370135
     0.999999  -0.000712051  -0.000920089    -0.0614557   0.000715363      0.999993    0.00360424      0.291687   0.000917517    -0.0036049      0.999993     -0.345316
     0.999999  -0.000778798  -0.000925631    -0.0598721   0.000782216      0.999993     0.0036981       0.36949   0.000922744   -0.00369882      0.999993      -0.33907
     0.999999  -0.000839035  -0.000856109    -0.0630678    0.00084218      0.999993    0.00368022      0.393656   0.000853015   -0.00368094      0.999993     -0.340478
     0.999999  -0.000862536  -0.000831209    -0.0648565   0.000865531      0.999993    0.00361014      0.344965    0.00082809   -0.00361086      0.999993     -0.357099
     0.999999  -0.000802062  -0.000962482    -0.0618546   0.000805686      0.999993    0.00377079      0.327423   0.000959451   -0.00377156      0.999992     -0.382749
     0.999999   -0.00065624  -0.000963938    -0.0520427   0.000659824      0.999993    0.00372268      0.332872   0.000961488   -0.00372331      0.999993     -0.341947
     0.999999  -0.000802861   -0.00092391    -0.0619341   0.000806194      0.999993    0.00361298      0.425567   0.000921003   -0.00361372      0.999993     -0.343914
     0.999999  -0.000892523  -0.000796861    -0.0662844   0.000895775      0.999991    0.00409113      0.387773   0.000793203   -0.00409184      0.999991     -0.379835
     0.999999  -0.000809481  -0.000919759    -0.0620122   0.000812804      0.999993    0.00361901      0.349443   0.000916823   -0.00361975      0.999993     -0.373759
     0.999999  -0.000645712  -0.000931307    -0.0572293   0.000648913      0.999994    0.00344056      0.319718    0.00092908   -0.00344116      0.999994     -0.344024
     0.999999  -0.000790693  -0.000929031    -0.0589635   0.000794132      0.999993    0.00370646      0.328587   0.000926094   -0.00370719      0.999993      -0.34583
     0.999999   -0.00087187  -0.000811092    -0.0600819   0.000874845      0.999993     0.0036744      0.386434   0.000807882   -0.00367511      0.999993      -0.34703
     0.999999  -0.000885978  -0.000801083    -0.0635128   0.000888876      0.999993    0.00362393      0.354345   0.000797866   -0.00362464      0.999993     -0.356124
     0.999999   -0.00084715  -0.000857127     -0.063683   0.000850502      0.999992    0.00391744       0.28669   0.000853802   -0.00391816      0.999992     -0.363151
     0.999999  -0.000814542  -0.000934055    -0.0644852   0.000817994      0.999993    0.00370127      0.432939   0.000931034   -0.00370204      0.999993     -0.342236
     0.999999  -0.000851085  -0.000875462    -0.0675886   0.000854194      0.999993    0.00355671      0.372845   0.000872429   -0.00355745      0.999993     -0.334592
     0.999999    -0.0009676  -0.000800609    -0.0726624   0.000970808      0.999991    0.00401686      0.444131   0.000796716   -0.00401763      0.999992     -0.385991
     0.999999  -0.000792402  -0.000837696    -0.0575447   0.000795843      0.999991    0.00411503      0.380559   0.000834428   -0.00411569      0.999991     -0.384662
     0.999999  -0.000763487    -0.0009067    -0.0557454   0.000767212      0.999991    0.00411577      0.336282    0.00090355   -0.00411646      0.999991     -0.353399
     0.999999  -0.000851543  -0.000780021    -0.0574093   0.000854801      0.999991    0.00418655      0.378542   0.000776449   -0.00418721      0.999991     -0.361861
     0.999999  -0.000971582  -0.000781778     -0.062686   0.000974806      0.999991    0.00413391      0.425598   0.000777754   -0.00413467      0.999991     -0.362132
     0.999999  -0.000930807  -0.000841414    -0.0662826   0.000934027      0.999992    0.00383509      0.370137   0.000837837   -0.00383587      0.999992     -0.363055
     0.999999  -0.000794487  -0.000915801    -0.0585376   0.000798367      0.999991    0.00424359      0.294244   0.000912421   -0.00424431      0.999991     -0.372635
     0.999999  -0.000833005  -0.000924326    -0.0583604   0.000836688      0.999992    0.00399092      0.376598   0.000920994    -0.0039917      0.999992     -0.343885
     0.999999  -0.000923423   -0.00079322    -0.0628563   0.000926451      0.999992    0.00382477      0.428017   0.000789681    -0.0038255      0.999992     -0.355688
     0.999999  -0.000986843  -0.000786337    -0.0717762   0.000990173      0.999991    0.00424474      0.435635   0.000782141   -0.00424551      0.999991     -0.399083
     0.999999  -0.000826481  -0.000804857    -0.0572774   0.000829621      0.999992     0.0039084      0.291382    0.00080162   -0.00390906      0.999992      -0.37901
     0.999999  -0.000811714  -0.000943914    -0.0609662   0.000815298      0.999992      0.003803      0.325899    0.00094082   -0.00380377      0.999992     -0.355438
     0.999999  -0.000873684  -0.000860725    -0.0599089   0.000877345      0.999991    0.00426216      0.421297   0.000856993   -0.00426291      0.999991     -0.384346
     0.999999  -0.000964399  -0.000847024    -0.0648977   0.000967998       0.99999    0.00425831       0.44263   0.000842909   -0.00425912      0.999991     -0.385369
     0.999999  -0.000943892  -0.000850795    -0.0671963   0.000947185      0.999992    0.00387822      0.406063   0.000847127   -0.00387902      0.999992     -0.369026
     0.999999  -0.000902883   -0.00079191     -0.060123   0.000906101      0.999991    0.00407356      0.355876   0.000788225   -0.00407427      0.999991     -0.373037
     0.999999  -0.000843179  -0.000848094    -0.0565811   0.000846529      0.999992    0.00395714      0.334636   0.000844751   -0.00395786      0.999992     -0.332719
     0.999999  -0.000987884  -0.000910288    -0.0673246    0.00099135      0.999992    0.00381484      0.430587   0.000906512   -0.00381574      0.999992     -0.358264
     0.999999  -0.000981024  -0.000839555    -0.0675187   0.000984545      0.999991     0.0042035      0.394893   0.000835424   -0.00420432      0.999991     -0.396145
     0.999999  -0.000868722  -0.000848616     -0.054096   0.000872052      0.999992    0.00393133      0.302575   0.000845194   -0.00393207      0.999992     -0.371363
     0.999999  -0.000905019  -0.000990484    -0.0625308   0.000908825      0.999992    0.00384887      0.375393   0.000986993   -0.00384977      0.999992     -0.353813
     0.999999   -0.00101219  -0.000883276    -0.0682099    0.00101581      0.999991    0.00410736      0.430222   0.000879111   -0.00410825      0.999991     -0.379223
     0.999999  -0.000968418  -0.000807513    -0.0648022   0.000971794      0.999991     0.0041906      0.438166   0.000803447   -0.00419139      0.999991     -0.388365
     0.999999  -0.000884347  -0.000933026    -0.0638863   0.000887904      0.999992    0.00381979      0.349748   0.000929641   -0.00382061      0.999992     -0.372481
     0.999999  -0.000753356  -0.000946042    -0.0571377   0.000757366      0.999991    0.00424603      0.392111   0.000942834   -0.00424675      0.999991     -0.379887
     0.999999  -0.000977847  -0.000968084    -0.0690884   0.000981978       0.99999    0.00427533      0.402143   0.000963894   -0.00427628       0.99999     -0.368496
     0.999999  -0.000953401  -0.000882893    -0.0671567   0.000957054      0.999991    0.00414536      0.433719   0.000878932    -0.0041462      0.999991     -0.384577
     0.999999  -0.000864956  -0.000946261     -0.062838   0.000868817      0.999991    0.00408805      0.377813   0.000942717   -0.00408886      0.999991     -0.392616
     0.999999  -0.000819378  -0.000979086    -0.0587955   0.000823782       0.99999    0.00450628       0.40732   0.000975383   -0.00450708      0.999989     -0.375368
     0.999999  -0.000840245  -0.000948487    -0.0589756   0.000844189      0.999991    0.00416542      0.448824   0.000944979   -0.00416622      0.999991     -0.359281
     0.999999  -0.000985141    -0.0008894    -0.0720826   0.000988712      0.999991    0.00402376      0.450721   0.000885428   -0.00402463      0.999992     -0.379627
     0.999999  -0.000953304  -0.000805786    -0.0652807   0.000956821       0.99999    0.00437522      0.381081   0.000801607   -0.00437599       0.99999     -0.400071
     0.999999  -0.000785621  -0.000849793    -0.0543392   0.000789149      0.999991    0.00415847      0.344946   0.000846518   -0.00415913      0.999991     -0.382914
     0.999999  -0.000809944  -0.000814838    -0.0567858   0.000813688      0.999989    0.00460513      0.373236   0.000811099   -0.00460579      0.999989     -0.380589
     0.999999  -0.000863079  -0.000742163     -0.057108   0.000866242       0.99999     0.0042728      0.408338   0.000738468   -0.00427344      0.999991     -0.335049
     0.999999   -0.00106886   -0.00112379    -0.0744825    0.00107412      0.999988    0.00468338      0.393033    0.00111877   -0.00468458      0.999988     -0.373659
     0.999999    -0.0010248  -0.000920447    -0.0679553    0.00102919      0.999988    0.00477964      0.457332   0.000915537   -0.00478058      0.999988     -0.409471
     0.999999  -0.000872651  -0.000941303    -0.0608379   0.000877296      0.999987    0.00494619      0.313653   0.000936975   -0.00494701      0.999987     -0.382427
     0.999999  -0.000797554  -0.000903028    -0.0559006   0.000802358      0.999985    0.00533247      0.381715   0.000898762   -0.00533319      0.999985     -0.401656
     0.999999  -0.000976104  -0.000969668    -0.0700928   0.000981072      0.999986    0.00513691      0.414073   0.000964641   -0.00513785      0.999986     -0.395729
     0.999999  -0.000962546  -0.000987249    -0.0756596   0.000967346      0.999988    0.00487272      0.456102   0.000982547   -0.00487368      0.999988     -0.410097
     0.999999  -0.000892373  -0.000942598    -0.0716046   0.000897256      0.999986    0.00519304      0.435388   0.000937951   -0.00519388      0.999986     -0.437548
     0.999999  -0.000825702   -0.00101609    -0.0636049   0.000830554      0.999988    0.00478423      0.394147    0.00101213   -0.00478507      0.999988      -0.38775
     0.999999  -0.000880793  -0.000975058    -0.0703925   0.000885502      0.999988    0.00483923       0.42706   0.000970784   -0.00484009      0.999988     -0.388304
     0.999999   -0.00101203  -0.000985516    -0.0784155    0.00101716      0.999986    0.00521262      0.511891   0.000980227   -0.00521362      0.999986     -0.437165
     0.999999  -0.000937278  -0.000967286    -0.0718853   0.000942317      0.999986    0.00522233      0.460866   0.000962378   -0.00522323      0.999986     -0.433535
     0.999999  -0.000833928   -0.00104218    -0.0714973   0.000839038      0.999988     0.0049116      0.435618    0.00103807   -0.00491247      0.999987       -0.4212
     0.999999  -0.000855981    -0.0010775    -0.0709624   0.000861565      0.999986    0.00519183      0.431825    0.00107304   -0.00519276      0.999986     -0.420432
     0.999999   -0.00103972  -0.000989606    -0.0793231    0.00104497      0.999985    0.00531754      0.596783   0.000984063   -0.00531857      0.999985     -0.442683
     0.999999  -0.000919575  -0.000940192    -0.0721174    0.00092439      0.999986    0.00513327      0.476719   0.000935459   -0.00513413      0.999986     -0.437028
     0.999999  -0.000840976   -0.00104758    -0.0729752   0.000846232      0.999987    0.00502731      0.423824    0.00104334   -0.00502819      0.999987     -0.430979
     0.999999  -0.000734168   -0.00102213    -0.0646057    0.00073948      0.999986    0.00520606      0.423652     0.0010183   -0.00520681      0.999986      -0.42766
     0.999999  -0.000948938   -0.00096217    -0.0717396   0.000953925      0.999986    0.00519542      0.537146   0.000957226   -0.00519633      0.999986     -0.423733
     0.999999   -0.00100398   -0.00102412    -0.0792943    0.00100901      0.999987    0.00492034      0.448229    0.00101917   -0.00492137      0.999987     -0.423528
     0.999999  -0.000946438   -0.00106959    -0.0706555   0.000952004      0.999986    0.00521509      0.418599    0.00106464   -0.00521611      0.999986      -0.44293
     0.999999  -0.000853201   -0.00114431    -0.0677862   0.000858954      0.999987    0.00503678      0.454152    0.00113999   -0.00503776      0.999987     -0.403408
     0.999999  -0.000943626   -0.00116963    -0.0772728   0.000949608      0.999986    0.00512484      0.532222    0.00116478   -0.00512594      0.999986     -0.414297
     0.999999   -0.00110634   -0.00114477    -0.0903675    0.00111315      0.999982    0.00596127      0.548437    0.00113816   -0.00596254      0.999982     -0.482688
     0.999999  -0.000919382   -0.00122426    -0.0755799   0.000926102      0.999984    0.00549938      0.499943    0.00121919   -0.00550051      0.999984      -0.45912
     0.999999  -0.000946004   -0.00119063    -0.0778185   0.000952486      0.999985    0.00545545      0.481445    0.00118545   -0.00545658      0.999984     -0.434428
     0.999999   -0.00109389   -0.00115137    -0.0855986    0.00110045      0.999983    0.00571375      0.550526     0.0011451   -0.00571501      0.999983     -0.452766
     0.999999   -0.00103188   -0.00116355    -0.0818788    0.00103841      0.999984    0.00562502       0.49557    0.00115773   -0.00562622      0.999984     -0.448176
     0.999999  -0.000937929   -0.00121717    -0.0781374   0.000944507      0.999985    0.00541508      0.484109    0.00121207   -0.00541622      0.999985      -0.45554
     0.999999  -0.000838066   -0.00129876    -0.0736615   0.000845397      0.999984    0.00565422      0.437352      0.001294   -0.00565531      0.999983     -0.442494
     0.999999  -0.000985375   -0.00128845    -0.0835623   0.000992706      0.999983    0.00570172      0.548376    0.00128281   -0.00570299      0.999983       -0.4327
     0.999999   -0.00104058   -0.00115809    -0.0845564    0.00104734      0.999982    0.00585283      0.555277    0.00115198   -0.00585403      0.999982     -0.462539
     0.999999    -0.0010655   -0.00114673    -0.0845502     0.0010721      0.999983    0.00576672      0.498835    0.00114057   -0.00576795      0.999983     -0.475965
     0.999999  -0.000896323   -0.00120046    -0.0761414   0.000903548      0.999981    0.00603188      0.458008    0.00119503   -0.00603295      0.999981     -0.465634
     0.999999   -0.00094298    -0.0011752    -0.0771293   0.000949929      0.999982     0.0059263      0.509008    0.00116959   -0.00592741      0.999982      -0.44263
     0.999999   -0.00102431   -0.00115799    -0.0848322    0.00103086      0.999983    0.00567463       0.57991    0.00115215   -0.00567581      0.999983     -0.457552
     0.999999   -0.00102446   -0.00102845    -0.0837192    0.00103068      0.999981    0.00606956      0.489775    0.00102221   -0.00607061      0.999981     -0.482147
     0.999999  -0.000899211   -0.00109759    -0.0766055   0.000905438      0.999983    0.00568683      0.479333    0.00109245   -0.00568781      0.999983     -0.469234
     0.999999  -0.000891776   -0.00116807    -0.0785762   0.000898631      0.999982    0.00588114      0.487904     0.0011628   -0.00588218      0.999982     -0.443915
     0.999999   -0.00101206   -0.00108318    -0.0841853    0.00101863      0.999981    0.00608665      0.544047      0.001077   -0.00608775      0.999981     -0.476162
     0.999999   -0.00101902   -0.00105168    -0.0816329    0.00102519      0.999982    0.00588061      0.520733    0.00104566   -0.00588168      0.999982      -0.46544
     0.999999  -0.000900094   -0.00118459    -0.0792481     0.0009068      0.999983    0.00567312        0.4242    0.00117947   -0.00567419      0.999983     -0.470464
     0.999999  -0.000845677    -0.0012361    -0.0769536   0.000853213      0.999981     0.0061088      0.492205    0.00123091   -0.00610985      0.999981     -0.489754
     0.999999  -0.000939803   -0.00114341    -0.0765424   0.000946798      0.999981    0.00613268      0.543309    0.00113763   -0.00613375      0.999981     -0.472831
     0.999999    -0.0009894   -0.00110677    -0.0834519   0.000995834      0.999983    0.00582824        0.5956    0.00110099   -0.00582934      0.999982     -0.479134
     0.999999    -0.0010264  -0.000919062    -0.0815389    0.00103221      0.999979    0.00633956      0.622677   0.000912536    -0.0063405      0.999979     -0.528311
     0.999999  -0.000893633   -0.00108729    -0.0767589   0.000900356       0.99998    0.00619859      0.527264    0.00108173   -0.00619957       0.99998     -0.514541
     0.999999  -0.000802566   -0.00119325    -0.0779076   0.000809936      0.999981    0.00618906      0.525902    0.00118826   -0.00619002       0.99998      -0.48762
     0.999999  -0.000976201   -0.00117798    -0.0864129   0.000983728      0.999979    0.00640562      0.585897     0.0011717   -0.00640677      0.999979     -0.495526
     0.999999   -0.00101284   -0.00111305    -0.0865597    0.00101998      0.999979    0.00642502      0.562637    0.00110652   -0.00642615      0.999979     -0.495605
     0.999999  -0.000945618   -0.00109001    -0.0796918   0.000952267      0.999981     0.0061152      0.536611    0.00108421   -0.00611623      0.999981     -0.498225
     0.999999    -0.0008825   -0.00112433    -0.0787301    0.00088983      0.999978    0.00653577      0.483061    0.00111854   -0.00653676      0.999978     -0.497869
     0.999999  -0.000998081     -0.001171    -0.0808821    0.00100567      0.999978    0.00649727      0.569928    0.00116449   -0.00649844      0.999978     -0.473084
     0.999999    -0.0010508   -0.00112645    -0.0871683    0.00105789       0.99998    0.00630994      0.628377    0.00111979   -0.00631112      0.999979     -0.490058
     0.999999   -0.00103981   -0.00108424    -0.0886611    0.00104696      0.999978    0.00661393      0.521464    0.00107734   -0.00661506      0.999978     -0.517793
     0.999999  -0.000935653   -0.00109527    -0.0824025   0.000942757      0.999978    0.00650335      0.578827    0.00108916   -0.00650438      0.999978      -0.51637
     0.999999  -0.000927789   -0.00116667     -0.086344   0.000935214      0.999979    0.00638048      0.512388    0.00116072   -0.00638157      0.999979     -0.480521
     0.999999   -0.00108653   -0.00122458    -0.0987676    0.00109425      0.999979    0.00631921      0.587675    0.00121769   -0.00632054      0.999979     -0.502862
     0.999999  -0.000951028   -0.00117327     -0.086076   0.000958709      0.999978    0.00656353      0.534398    0.00116701   -0.00656464      0.999978     -0.511541
     0.999999  -0.000834003   -0.00125602    -0.0823512   0.000841744      0.999981    0.00617535      0.495596    0.00125085    -0.0061764       0.99998      -0.47601
     0.999999  -0.000919757    -0.0011793    -0.0834044   0.000927033       0.99998    0.00618369      0.557998    0.00117359   -0.00618478       0.99998     -0.476869
     0.999999   -0.00104454    -0.0011809    -0.0898646    0.00105207      0.999979    0.00639448      0.608107     0.0011742   -0.00639571      0.999979     -0.497812
     0.999999  -0.000948886   -0.00103993    -0.0801508   0.000955308       0.99998    0.00619271      0.601184    0.00103403    -0.0061937       0.99998     -0.505208
     0.999999  -0.000992622   -0.00106696    -0.0857482   0.000999368      0.999979    0.00634081      0.515172    0.00106064   -0.00634187      0.999979      -0.51108
     0.999999  -0.000955719    -0.0011254    -0.0811482   0.000963354      0.999976    0.00680365      0.525835    0.00111887   -0.00680473      0.999976     -0.492507
     0.999999   -0.00100801    -0.0010257    -0.0816212    0.00101468      0.999978    0.00652192      0.547148     0.0010191   -0.00652296      0.999978     -0.487235
     0.999999  -0.000951605   -0.00102534    -0.0827667   0.000958125      0.999979    0.00637698      0.599612    0.00101925   -0.00637796      0.999979     -0.513079
     0.999999  -0.000897382   -0.00109309    -0.0783536   0.000904458      0.999979    0.00649047      0.528622    0.00108725   -0.00649145      0.999978     -0.517106
     0.999999  -0.000794297   -0.00112149    -0.0705511   0.000801371       0.99998    0.00632084      0.512132    0.00111644   -0.00632173      0.999979     -0.486664
     0.999999  -0.000933741   -0.00115331    -0.0821361   0.000941046      0.999979    0.00634941      0.571195    0.00114736   -0.00635049      0.999979     -0.488773
     0.999999    -0.0010416   -0.00104266    -0.0872495    0.00104891      0.999975    0.00704288      0.658188     0.0010353   -0.00704397      0.999975     -0.547488
     0.999999  -0.000867633   -0.00120239    -0.0778373   0.000875502      0.999978    0.00655954      0.596345    0.00119667   -0.00656059      0.999978     -0.520448
     0.999999  -0.000793736   -0.00120761    -0.0733308   0.000801481      0.999979    0.00642588      0.497981    0.00120248   -0.00642684      0.999979     -0.490615
     0.999999  -0.000858165   -0.00121924    -0.0794965   0.000866434      0.999977    0.00679764      0.553395    0.00121338   -0.00679868      0.999976     -0.509524
     0.999999  -0.000970104   -0.00114035    -0.0811601   0.000977796      0.999977    0.00676361      0.623473    0.00113377   -0.00676472      0.999976     -0.520758
     0.999999   -0.00088846   -0.00120716    -0.0798055    0.00089629      0.999978    0.00650097       0.55782    0.00120136   -0.00650204      0.999978     -0.518884
     0.999999  -0.000756075   -0.00120827    -0.0713294   0.000764081      0.999978      0.006639      0.466856    0.00120322   -0.00663992      0.999977      -0.50634
     0.999999  -0.000896673   -0.00126477    -0.0773317   0.000905348      0.999976    0.00687473      0.619044    0.00125858   -0.00687587      0.999976     -0.516411
     0.999999  -0.000950253   -0.00122598    -0.0852752   0.000958458      0.999977    0.00670928      0.585598    0.00121958   -0.00671045      0.999977     -0.512456
     0.999999  -0.000985996   -0.00113387    -0.0849852   0.000994149      0.999974    0.00721178      0.623923    0.00112673    -0.0072129      0.999973     -0.548659
     0.999999  -0.000849907   -0.00123898    -0.0769161   0.000858076      0.999978    0.00660744      0.515385    0.00123334    -0.0066085      0.999977     -0.507345
     0.999999  -0.000869492   -0.00126867    -0.0825443   0.000877924      0.999977    0.00666122      0.600741    0.00126284   -0.00666232      0.999977     -0.506663
     0.999999  -0.000959212   -0.00122862    -0.0901024   0.000967776      0.999975    0.00698859      0.588357    0.00122189   -0.00698977      0.999975     -0.535617
     0.999999  -0.000882051   -0.00119569    -0.0850015   0.000890162      0.999976    0.00679962      0.618467    0.00118966   -0.00680068      0.999976      -0.53461
     0.999999   -0.00086236   -0.00125149    -0.0842537   0.000870602      0.999978    0.00659949       0.55021    0.00124577   -0.00660058      0.999977     -0.534424
     0.999999  -0.000797171   -0.00119195    -0.0766698    0.00080536      0.999976    0.00688569      0.537214    0.00118643   -0.00688664      0.999976     -0.532995
     0.999999  -0.000892207   -0.00118069    -0.0811006   0.000900241      0.999976    0.00682122      0.606143    0.00117458   -0.00682228      0.999976     -0.513258
     0.999999  -0.000977584    -0.0011614     -0.091102   0.000985226      0.999978    0.00659797      0.615125    0.00115492   -0.00659911      0.999978     -0.521924
     0.999999  -0.000993447   -0.00118686    -0.0921742    0.00100158      0.999976    0.00687497      0.581122       0.00118   -0.00687615      0.999976     -0.547242
     0.999999   -0.00078526   -0.00123238    -0.0829038   0.000793299      0.999978    0.00653666      0.533227    0.00122722   -0.00653763      0.999978     -0.518045
     0.999999  -0.000859373   -0.00116374    -0.0867295   0.000866918      0.999979    0.00649879       0.62779    0.00115813   -0.00649979      0.999978     -0.521614
     0.999999  -0.000911595   -0.00103822    -0.0895756   0.000918624      0.999977    0.00679008      0.608087    0.00103201   -0.00679103      0.999976     -0.541996
     0.999999  -0.000801902   -0.00110017    -0.0843959   0.000809137      0.999978    0.00659162      0.598439    0.00109486    -0.0065925      0.999978     -0.536009
     0.999999  -0.000762255   -0.00116728     -0.085204   0.000769743      0.999979    0.00642847      0.541571    0.00116236   -0.00642936      0.999979     -0.519121
     0.999999  -0.000785264   -0.00116521    -0.0797724    0.00079308      0.999977    0.00672258      0.613068    0.00115991   -0.00672349      0.999977     -0.524513
     0.999999  -0.000927768   -0.00114004    -0.0857688   0.000935529      0.999976    0.00682633      0.649411    0.00113368   -0.00682739      0.999976     -0.534013
     0.999999  -0.000904727   -0.00113574    -0.0831341   0.000912282      0.999977       0.00667      0.605181    0.00112968   -0.00667103      0.999977     -0.532178
     0.999999  -0.000802412   -0.00108188    -0.0759746   0.000810089      0.999974    0.00711435      0.550267    0.00107614   -0.00711522      0.999974      -0.55981
     0.999999  -0.000756368    -0.0011571    -0.0739911   0.000764159      0.999977     0.0067477      0.538811    0.00115197   -0.00674857      0.999977     -0.511633
     0.999999  -0.000856437   -0.00110896    -0.0817863    0.00086399      0.999976    0.00682906      0.654814    0.00110309   -0.00683001      0.999976     -0.526242
     0.999999  -0.000910589   -0.00099436    -0.0872185   0.000917653      0.999974    0.00712721      0.625543   0.000987844   -0.00712811      0.999974     -0.563714
     0.999999  -0.000818656   -0.00113057     -0.079683   0.000826387      0.999976      0.006854      0.545933    0.00112493   -0.00685492      0.999976     -0.554105
     0.999999  -0.000739414   -0.00121735    -0.0807046   0.000747663      0.999977    0.00679011      0.545802     0.0012123   -0.00679102      0.999976     -0.527891
     0.999999  -0.000918553   -0.00111688    -0.0868136   0.000926323      0.999975    0.00697657      0.680155    0.00111044    -0.0069776      0.999975     -0.542598
     0.999999  -0.000977096   -0.00116423    -0.0893381   0.000985361      0.999974    0.00711992      0.629712    0.00115724   -0.00712106      0.999974     -0.541311
     0.999999  -0.000875335   -0.00121062    -0.0868526   0.000883804      0.999975    0.00701265      0.580803    0.00120445   -0.00701372      0.999975     -0.535566
     0.999999  -0.000852027   -0.00119677    -0.0812367    0.00086087      0.999972    0.00740859      0.547771    0.00119042   -0.00740962      0.999972     -0.555611
     0.999999  -0.000887378   -0.00130378    -0.0857054   0.000896681      0.999974    0.00715241      0.646058     0.0012974   -0.00715357      0.999974     -0.522674
     0.999999  -0.000907462   -0.00131819    -0.0899061   0.000916606      0.999975      0.006953      0.661654    0.00131185    -0.0069542      0.999975     -0.528687
     0.999999  -0.000932612   -0.00116344    -0.0897821    0.00094123      0.999972    0.00742882       0.67432    0.00115648   -0.00742991      0.999972     -0.567913
     0.999999  -0.000863952   -0.00126376    -0.0853564   0.000873038      0.999974    0.00720718       0.65166     0.0012575   -0.00720827      0.999973      -0.56676
     0.999999  -0.000806433   -0.00130448    -0.0841945    0.00081609      0.999972    0.00741894      0.643175    0.00129846   -0.00741999      0.999972      -0.54505
     0.999999  -0.000924207   -0.00124679    -0.0890313   0.000933589      0.999971    0.00754556      0.663347    0.00123978   -0.00754671      0.999971     -0.556602
     0.999999  -0.000880809   -0.00122693    -0.0899079   0.000889492      0.999974    0.00709449      0.651577    0.00122065   -0.00709557      0.999974     -0.545105
     0.999999  -0.000895995   -0.00123884    -0.0922255    0.00090493      0.999973    0.00723068       0.62212    0.00123233   -0.00723179      0.999973     -0.582975
     0.999999  -0.000732314    -0.0013653    -0.0853305    0.00074218      0.999974    0.00723939      0.621042    0.00135996   -0.00724039      0.999973     -0.570359
     0.999999  -0.000819839   -0.00133302    -0.0854084    0.00082923      0.999975    0.00705963       0.64091     0.0013272   -0.00706073      0.999974     -0.547923
     0.999999  -0.000958152   -0.00132715    -0.0950961   0.000967444      0.999975    0.00701853      0.685712    0.00132039    -0.0070198      0.999974     -0.563521
     0.999999  -0.000931949   -0.00122103    -0.0876241   0.000940759      0.999973    0.00723465      0.694216    0.00121426   -0.00723579      0.999973     -0.572262
     0.999999  -0.000887528   -0.00128351    -0.0872572   0.000896356      0.999976    0.00689412      0.599568    0.00127736   -0.00689527      0.999975     -0.570117
     0.999999  -0.000803196   -0.00124427    -0.0799163   0.000812076      0.999974    0.00715246      0.612166     0.0012385   -0.00715347      0.999974     -0.572309
     0.999999  -0.000809134   -0.00122314    -0.0776527   0.000817821      0.999974    0.00711827      0.656509    0.00121735   -0.00711926      0.999974     -0.557707
     0.999999  -0.000852871   -0.00121208    -0.0857757   0.000861236      0.999976    0.00691726      0.670009    0.00120615    -0.0069183      0.999975      -0.55727
     0.999999  -0.000822214    -0.0011836    -0.0846744   0.000830911      0.999973    0.00736574      0.635645    0.00117751   -0.00736671      0.999972     -0.594302
     0.999999  -0.000750896   -0.00129012    -0.0830636    0.00075998      0.999975    0.00705513      0.605798    0.00128479   -0.00705611      0.999974     -0.548565
     0.999999  -0.000727427   -0.00122647    -0.0819313   0.000736081      0.999975    0.00707115      0.635684    0.00122129   -0.00707204      0.999974     -0.540604
     0.999999  -0.000789185   -0.00114217    -0.0858696   0.000797841      0.999971     0.0075983      0.664807    0.00113614    -0.0075992       0.99997     -0.586939
     0.999999  -0.000854002   -0.00115522    -0.0870681    0.00086258      0.999972    0.00744503      0.657319    0.00114883   -0.00744602      0.999972     -0.590992
     0.999999  -0.000786549   -0.00123596    -0.0885869   0.000795551      0.999973    0.00729987      0.590584    0.00123018   -0.00730085      0.999973      -0.57718
     0.999999  -0.000806685   -0.00122059    -0.0855413     0.0008159      0.999971    0.00756797      0.641633    0.00121445   -0.00756895      0.999971     -0.584496
     0.999999  -0.000888214   -0.00116957    -0.0869102   0.000896979      0.999971    0.00751581      0.742895    0.00116286   -0.00751685      0.999971     -0.582081
     0.999999  -0.000907726   -0.00119322    -0.0935883   0.000916615      0.999972    0.00747001      0.696753    0.00118641   -0.00747109      0.999971     -0.593378
     0.999999  -0.000807927   -0.00125247    -0.0845392   0.000817643      0.999969    0.00777649      0.662483    0.00124615   -0.00777751      0.999969     -0.621415
     0.999999  -0.000746326   -0.00128321    -0.0794879   0.000755768      0.999973    0.00737362      0.697586    0.00127767   -0.00737458      0.999972     -0.578216
     0.999999  -0.000891109   -0.00128506    -0.0887166   0.000900616      0.999972    0.00741645      0.652354    0.00127842    -0.0074176      0.999972      -0.57132
     0.999999  -0.000967913   -0.00114578    -0.0913427   0.000976834      0.999969    0.00781052      0.692736    0.00113818   -0.00781163      0.999969     -0.605782
     0.999999  -0.000812428   -0.00121466    -0.0842019   0.000821361      0.999972    0.00737208      0.652715    0.00120864   -0.00737307      0.999972      -0.59281
     0.999999   -0.00082784   -0.00138247    -0.0929328   0.000837979      0.999973    0.00734988      0.635956    0.00137635   -0.00735103      0.999972     -0.570917
     0.999999  -0.000906991   -0.00124812    -0.0904785   0.000916514       0.99997    0.00765069      0.688683    0.00124115   -0.00765183       0.99997     -0.591095
     0.999999  -0.000953591   -0.00115333    -0.0884064   0.000962427       0.99997     0.0076858      0.694126    0.00114597    -0.0076869       0.99997     -0.588221
     0.999999  -0.000974195   -0.00122492    -0.0947746   0.000983259      0.999972    0.00742083      0.649387    0.00121766   -0.00742202      0.999972      -0.59884
     0.999999  -0.000849041   -0.00135119    -0.0904838   0.000859274      0.999971    0.00759081      0.573027    0.00134471   -0.00759196       0.99997     -0.585582
     0.999999   -0.00089054   -0.00125168    -0.0888285   0.000899798      0.999972    0.00741553       0.65409    0.00124504   -0.00741665      0.999972     -0.567364
     0.999999    -0.0010348   -0.00130331     -0.101372    0.00104434      0.999973    0.00733962      0.693051    0.00129568   -0.00734097      0.999972     -0.576528
     0.999999   -0.00097142   -0.00116324    -0.0934167   0.000980537      0.999969    0.00786292      0.687665    0.00115556   -0.00786405      0.999968      -0.61871
     0.999999  -0.000860502   -0.00128945    -0.0888549   0.000869983      0.999972    0.00736993      0.590524    0.00128308   -0.00737104      0.999972     -0.584092
     0.999999  -0.000896931   -0.00132468    -0.0909316   0.000907037       0.99997    0.00764782      0.640103    0.00131778   -0.00764901       0.99997      -0.57335
     0.999999   -0.00105054   -0.00121601    -0.0973263     0.0010602      0.999968    0.00797424      0.724604    0.00120759   -0.00797552      0.999967      -0.60274
     0.999999   -0.00102328   -0.00125021    -0.0970577    0.00103294      0.999969    0.00774862      0.711478    0.00124224   -0.00774991      0.999969     -0.597036
     0.999999  -0.000924251   -0.00126212    -0.0931788   0.000933863       0.99997    0.00763674      0.694079    0.00125502   -0.00763791       0.99997     -0.612411
     0.999999  -0.000919904   -0.00131746    -0.0932363   0.000930264      0.999968    0.00788411      0.618623    0.00131016   -0.00788532      0.999968     -0.593399
     0.999999  -0.000989199   -0.00130316    -0.0950367   0.000999439      0.999968    0.00788075      0.703607    0.00129533   -0.00788205      0.999968     -0.579971
     0.999999   -0.00101004   -0.00121368    -0.0956332     0.0010194       0.99997    0.00773399      0.627046    0.00120583   -0.00773522      0.999969     -0.581748
     0.999999   -0.00100055   -0.00120973    -0.0932441    0.00101031      0.999967    0.00808747      0.656203     0.0012016   -0.00808868      0.999967     -0.612732
     0.999999  -0.000882134   -0.00131175    -0.0884046   0.000892203       0.99997     0.0076953       0.66494    0.00130493   -0.00769646       0.99997     -0.566891
     0.999999   -0.00109193   -0.00125801    -0.0969428    0.00110154       0.99997    0.00766604      0.663182     0.0012496   -0.00766741       0.99997     -0.573509
     0.999999   -0.00118501   -0.00113981      -0.10018    0.00119432      0.999966    0.00819971      0.725705    0.00113005   -0.00820106      0.999966     -0.623558
     0.999999   -0.00101394   -0.00125658    -0.0908317     0.0010236       0.99997      0.007712      0.660339    0.00124872   -0.00771328      0.999969     -0.598523
     0.999999   -0.00086351   -0.00123777    -0.0827924   0.000872995       0.99997     0.0076829      0.599388     0.0012311   -0.00768397       0.99997     -0.567714
     0.999999   -0.00102266   -0.00124164    -0.0897667    0.00103292      0.999965    0.00829019      0.723386    0.00123312   -0.00829146      0.999965      -0.59613
     0.999999   -0.00109103   -0.00128107    -0.0946543    0.00110115      0.999968     0.0079305      0.701513    0.00127238    -0.0079319      0.999968     -0.588957
     0.999999   -0.00114702   -0.00118391    -0.0966908    0.00115616      0.999969    0.00775057      0.682359    0.00117498   -0.00775193      0.999969     -0.592988
     0.999999   -0.00103713   -0.00125206    -0.0927722    0.00104748      0.999965    0.00829417       0.65304    0.00124341   -0.00829547      0.999965     -0.629489
     0.999999  -0.000947911   -0.00130976    -0.0880702   0.000958596      0.999966    0.00818195      0.691127    0.00130196   -0.00818319      0.999966     -0.594132
     0.999998   -0.00104744   -0.00138229     -0.102293    0.00105873      0.999966    0.00819067      0.706115    0.00137367   -0.00819212      0.999966     -0.579533
     0.999999   -0.00106867   -0.00116399     -0.102285    0.00107836      0.999964    0.00836172      0.710577    0.00115502   -0.00836296      0.999964     -0.620531
     0.999999   -0.00095259   -0.00123651    -0.0949135   0.000962402      0.999968    0.00795922      0.671424    0.00122889    -0.0079604      0.999968     -0.614533
     0.999999  -0.000880429   -0.00128427     -0.095636   0.000890513      0.999969    0.00787234      0.653299     0.0012773   -0.00787347      0.999968     -0.588351
     0.999999   -0.00102892   -0.00126613     -0.104206    0.00103931      0.999966    0.00823367      0.716121    0.00125761   -0.00823497      0.999965     -0.607514
     0.999999    -0.0011304   -0.00120724     -0.104596    0.00114014      0.999967    0.00809794      0.762142    0.00119804   -0.00809931      0.999966     -0.612529
     0.999999    -0.0010386   -0.00114875    -0.0996273    0.00104764      0.999968    0.00789859      0.749952    0.00114051   -0.00789978      0.999968     -0.619514
     0.999999  -0.000939972   -0.00105676     -0.090104   0.000948637      0.999966     0.0082291      0.677884    0.00104899   -0.00823009      0.999966     -0.624505
     0.999999  -0.000999693   -0.00118089    -0.0907565    0.00100937      0.999966    0.00822328      0.738836    0.00117263   -0.00822446      0.999965     -0.595407
     0.999999   -0.00102426    -0.0011707    -0.0961137    0.00103386      0.999966    0.00822968      0.686404    0.00116223   -0.00823088      0.999965     -0.592858
     0.999999   -0.00114131   -0.00120988     -0.104839    0.00115134      0.999965    0.00832726      0.727447    0.00120033   -0.00832864      0.999965      -0.62718
     0.999999   -0.00103502   -0.00125894    -0.0981952     0.0010456      0.999964    0.00843255       0.66374    0.00125017   -0.00843385      0.999964     -0.637703
     0.999999  -0.000926193   -0.00118003    -0.0821488   0.000936012      0.999965    0.00834728       0.70635    0.00117226   -0.00834838      0.999964     -0.619889
     0.999999  -0.000968013   -0.00118319    -0.0871984   0.000977803      0.999965    0.00830174      0.744358    0.00117511   -0.00830288      0.999965     -0.623043
     0.999999   -0.00112779   -0.00108073    -0.0955933    0.00113728       0.99996    0.00881913      0.786415    0.00107074   -0.00882035      0.999961     -0.669648
     0.999999   -0.00107494   -0.00116066    -0.0926807    0.00108483      0.999963    0.00855953      0.734792    0.00115141   -0.00856078      0.999963     -0.667135
     0.999999   -0.00102028   -0.00126335    -0.0945061    0.00103094      0.999964     0.0084692      0.709567    0.00125466   -0.00847049      0.999963     -0.639147
     0.999999   -0.00112498   -0.00126214     -0.100748    0.00113587      0.999962    0.00866046      0.691348    0.00125234   -0.00866188      0.999962     -0.630294
     0.999998   -0.00122983   -0.00124043     -0.107181    0.00124074       0.99996    0.00883293      0.768242    0.00122951   -0.00883445       0.99996      -0.65212
     0.999999   -0.00115753   -0.00120301    -0.0987196    0.00116789      0.999962    0.00864443      0.774665    0.00119296   -0.00864582      0.999962     -0.663487
     0.999998   -0.00109701   -0.00134781     -0.099606    0.00110842      0.999963    0.00849309       0.68844    0.00133844   -0.00849457      0.999963     -0.647443
     0.999999   -0.00103414   -0.00121331    -0.0943051    0.00104486       0.99996    0.00886873      0.689037    0.00120409   -0.00886998       0.99996     -0.640556
     0.999998   -0.00122533   -0.00124547     -0.105474    0.00123638       0.99996    0.00891417       0.81076     0.0012345    -0.0089157      0.999959     -0.654436
     0.999999   -0.00106875    -0.0011605    -0.0946237     0.0010788      0.999962    0.00869157      0.779989    0.00115116   -0.00869281      0.999962     -0.665382
     0.999999    -0.0010082    -0.0011812    -0.0934645    0.00101828      0.999963    0.00856292      0.692709    0.00117252   -0.00856411      0.999963     -0.635287
     0.999999   -0.00110074   -0.00112711    -0.0957167    0.00111091      0.999958    0.00905512      0.736957     0.0011171   -0.00905636      0.999958     -0.637081
     0.999998   -0.00124929   -0.00123934     -0.106754    0.00126045      0.999958    0.00905014       0.84068    0.00122799   -0.00905169      0.999958     -0.655149
     0.999999    -0.0010979   -0.00115927    -0.0956118    0.00110785      0.999962    0.00861675      0.740062    0.00114977   -0.00861803      0.999962     -0.655836
     0.999999   -0.00100325   -0.00121974    -0.0956518    0.00101378      0.999962    0.00866157      0.677881    0.00121101    -0.0086628      0.999962     -0.638254
     0.999998   -0.00119072   -0.00127213     -0.103295    0.00120246      0.999956    0.00926703      0.790323    0.00126104   -0.00926854      0.999956     -0.639317
     0.999999   -0.00120906   -0.00122262     -0.104938    0.00121997      0.999959    0.00896319      0.786519    0.00121174   -0.00896467      0.999959     -0.650351
     0.999999   -0.00119873    -0.0011374     -0.101358    0.00120879       0.99996    0.00888702      0.780257     0.0011267   -0.00888838       0.99996     -0.672112
     0.999999   -0.00119135   -0.00116443     -0.100897    0.00120177      0.999959    0.00898679      0.740217    0.00115367   -0.00898818      0.999959      -0.67726
     0.999999   -0.00112556   -0.00122771    -0.0956324    0.00113644       0.99996    0.00889509      0.689229    0.00121765   -0.00889647       0.99996     -0.631953
     0.999999   -0.00121614    -0.0011611    -0.0981308     0.0012266      0.999958    0.00904773      0.807246    0.00115005   -0.00904914      0.999958     -0.645569
     0.999999   -0.00124017   -0.00115777     -0.102705    0.00125054      0.999959    0.00900365       0.79497    0.00114656   -0.00900509      0.999959     -0.665918
     0.999999     -0.001265   -0.00115678     -0.103439    0.00127557      0.999957    0.00918205      0.762403    0.00114512   -0.00918351      0.999957     -0.693127
     0.999999    -0.0012166   -0.00116252    -0.0962007    0.00122696      0.999959     0.0089586      0.699633    0.00115157   -0.00896001      0.999959     -0.640656
     0.999999    -0.0012645   -0.00117416     -0.101693    0.00127514      0.999958     0.0090985      0.752115    0.00116261   -0.00909998      0.999958     -0.644155
     0.999999   -0.00128616   -0.00107982     -0.104675    0.00129605      0.999957    0.00920224      0.781423    0.00106794   -0.00920362      0.999957     -0.679069
     0.999999   -0.00123515   -0.00116723     -0.104374    0.00124596      0.999956     0.0093017      0.731794    0.00115569   -0.00930314      0.999956     -0.685751
     0.999999   -0.00113382   -0.00119466    -0.0987909    0.00114451      0.999959    0.00898472      0.719149    0.00118442   -0.00898608      0.999959     -0.632173
     0.999998   -0.00129582   -0.00117723     -0.109374    0.00130654      0.999957    0.00915791      0.841314    0.00116531   -0.00915944      0.999957     -0.650496
     0.999998   -0.00132555   -0.00117103     -0.113422    0.00133672      0.999953    0.00959151      0.789096    0.00115826   -0.00959306      0.999953     -0.692368
     0.999998   -0.00123138   -0.00125906     -0.106053    0.00124303      0.999956    0.00929427      0.779352    0.00124756   -0.00929582      0.999956     -0.686874
     0.999999   -0.00120782   -0.00111406    -0.0987002    0.00121792      0.999958    0.00910665      0.705655    0.00110301     -0.009108      0.999958     -0.636561
     0.999998   -0.00133383   -0.00117597     -0.110975    0.00134482      0.999955    0.00939289      0.835918    0.00116339   -0.00939446      0.999955     -0.666367
     0.999998   -0.00137179   -0.00111009     -0.108917    0.00138245      0.999952    0.00965969      0.847549    0.00109679   -0.00966121      0.999953     -0.691495
     0.999998   -0.00126082   -0.00121748     -0.104816    0.00127179      0.999958    0.00905331      0.725701    0.00120601   -0.00905484      0.999958     -0.670111
     0.999998   -0.00118254   -0.00126908     -0.102168    0.00119437      0.999955    0.00936096      0.714198    0.00125795   -0.00936246      0.999955     -0.664341
     0.999998   -0.00134958   -0.00127501     -0.108393    0.00136177      0.999953    0.00960646      0.836038    0.00126199   -0.00960818      0.999953     -0.675035
     0.999998   -0.00136137   -0.00132683     -0.113645    0.00137375      0.999955    0.00937312      0.792896    0.00131401   -0.00937493      0.999955     -0.673599
     0.999998   -0.00127841   -0.00128694     -0.108092    0.00129028      0.999956    0.00927152      0.691623    0.00127503   -0.00927317      0.999956     -0.687075
     0.999998   -0.00127696   -0.00123152     -0.104096    0.00128869      0.999953    0.00956748      0.753156    0.00121925   -0.00956905      0.999953     -0.687966
     0.999998   -0.00129402   -0.00123328     -0.103443    0.00130585      0.999953    0.00963531      0.786007    0.00122076   -0.00963691      0.999953      -0.66005
     0.999998   -0.00135043   -0.00131543     -0.110416    0.00136298      0.999953    0.00958561      0.864899    0.00130243   -0.00958739      0.999953     -0.681911
     0.999998   -0.00141792    -0.0011801     -0.111712    0.00142964      0.999949    0.00999653      0.805145    0.00116587    -0.0099982      0.999949     -0.714448
     0.999998    -0.0012998   -0.00130613     -0.106365    0.00131211      0.999954    0.00947233       0.77264    0.00129376   -0.00947403      0.999954     -0.689117
     0.999998   -0.00133156   -0.00129443     -0.103865    0.00134374      0.999954    0.00945031      0.753651    0.00128178   -0.00945203      0.999955     -0.654293
     0.999998   -0.00144343   -0.00129213     -0.114842    0.00145577      0.999953    0.00960613      0.890437     0.0012782   -0.00960799      0.999953     -0.683972
     0.999998   -0.00144158   -0.00126688      -0.11392    0.00145403       0.99995    0.00988368      0.858033    0.00125257    -0.0098855       0.99995     -0.701188
     0.999998   -0.00130766   -0.00126672     -0.106511    0.00131943      0.999956    0.00933615      0.783775    0.00125445    -0.0093378      0.999956     -0.688959
     0.999998   -0.00125278   -0.00133894     -0.106834    0.00126558      0.999953    0.00960053      0.799195    0.00132685   -0.00960221      0.999953     -0.671971
     0.999998     -0.001337   -0.00124268     -0.109166    0.00134923       0.99995    0.00989187      0.821023    0.00122939   -0.00989353       0.99995     -0.692372
     0.999998   -0.00137311   -0.00121181      -0.10942    0.00138496      0.999951    0.00983667      0.865528    0.00119824   -0.00983833      0.999951     -0.700312
     0.999998   -0.00132261   -0.00124876     -0.109267    0.00133439      0.999954    0.00948207      0.790872    0.00123616   -0.00948372      0.999954     -0.702519
     0.999998   -0.00121178   -0.00128964      -0.10399    0.00122467      0.999949     0.0100417        0.8184    0.00127741    -0.0100433      0.999949     -0.715148
     0.999998   -0.00129022   -0.00138486     -0.107136    0.00130414      0.999948     0.0101019      0.825195    0.00137176    -0.0101037      0.999948     -0.677526
     0.999998   -0.00136935   -0.00130695     -0.112208    0.00138262      0.999947     0.0102071      0.860875     0.0012929    -0.0102089      0.999947      -0.68451
     0.999998   -0.00129049    -0.0012088     -0.111392    0.00130224      0.999951    0.00977349      0.820835    0.00119612   -0.00977505      0.999952      -0.71052
     0.999998   -0.00125881   -0.00133315     -0.106383    0.00127233      0.999947     0.0101856       0.72001    0.00132026    -0.0101873      0.999947     -0.681971
     0.999999   -0.00110632   -0.00130507    -0.0998662    0.00111895      0.999952    0.00971245        0.7711    0.00129426    -0.0097139      0.999952     -0.669262
     0.999998   -0.00130823   -0.00125101     -0.109657    0.00132069      0.999949     0.0100164      0.884057    0.00123784     -0.010018      0.999949     -0.699712
     0.999999    -0.0013202   -0.00110277     -0.108086    0.00133172      0.999944     0.0105079      0.873012    0.00108884    -0.0105094      0.999944     -0.743878
     0.999999   -0.00123538   -0.00119809     -0.105408    0.00124763      0.999946     0.0102824      0.874462    0.00118532    -0.0102839      0.999946     -0.741046
     0.999998   -0.00121497   -0.00130679     -0.110961    0.00122795      0.999949    0.00997753      0.795369     0.0012946   -0.00997912      0.999949     -0.707355
     0.999998   -0.00133953   -0.00132215     -0.117263    0.00135354      0.999942     0.0106492      0.915295    0.00130781    -0.0106509      0.999942     -0.725157
     0.999998   -0.00136363   -0.00130955     -0.118127    0.00137715      0.999945      0.010379       0.90131    0.00129532    -0.0103808      0.999945     -0.725656
     0.999998   -0.00143508   -0.00134965     -0.123015    0.00144929      0.999943      0.010586      0.920803    0.00133438    -0.0105879      0.999943     -0.756646
     0.999998   -0.00131946   -0.00135369     -0.119599    0.00133417      0.999939     0.0109212      0.862235     0.0013392     -0.010923      0.999939     -0.787119
     0.999998   -0.00129928   -0.00135292     -0.112021    0.00131356      0.999943     0.0106125      0.841298    0.00133905    -0.0106142      0.999943     -0.735154
     0.999998   -0.00136054   -0.00126835     -0.113957    0.00137434      0.999939     0.0109441      0.949382    0.00125338    -0.0109458      0.999939     -0.737819
     0.999998    -0.0014414   -0.00132345     -0.127835    0.00145558      0.999941      0.010776      0.921619    0.00130784    -0.0107779      0.999941      -0.74997
     0.999998   -0.00128573   -0.00128453     -0.112379    0.00129988      0.999938      0.011077      0.865636     0.0012702    -0.0110787      0.999938     -0.786335
     0.999998   -0.00119001   -0.00132543     -0.106947    0.00120416      0.999942      0.010728      0.814695    0.00131259    -0.0107296      0.999942     -0.749113
     0.999998   -0.00128705    -0.0012894     -0.114702    0.00130107      0.999939     0.0109295      0.960138    0.00127525    -0.0109312      0.999939      -0.76018
     0.999998   -0.00142677   -0.00122418     -0.121824    0.00144094      0.999931      0.011648       1.01621    0.00120747    -0.0116497      0.999931     -0.808417
     0.999998   -0.00131576   -0.00133243     -0.114311    0.00133083      0.999934     0.0113691       0.85595    0.00131738    -0.0113709      0.999934     -0.763681
     0.999998   -0.00121671   -0.00132029     -0.107123    0.00123063      0.999943     0.0106006      0.774453    0.00130732    -0.0106022      0.999943     -0.731137
     0.999999   -0.00118802    -0.0012118     -0.105063    0.00120153      0.999936     0.0112051      0.907926    0.00119841    -0.0112065      0.999936     -0.770854
     0.999998   -0.00129792   -0.00126354     -0.111083    0.00131236      0.999933     0.0114911      0.957782    0.00124854    -0.0114927      0.999933     -0.782485
     0.999998   -0.00134056   -0.00127536     -0.114081    0.00135486      0.999935     0.0112831      0.968491    0.00126015    -0.0112848      0.999936     -0.788704
     0.999998    -0.0012779   -0.00127842     -0.112962    0.00129251      0.999933     0.0114945      0.912412    0.00126365    -0.0114961      0.999933     -0.812076
     0.999998   -0.00117916   -0.00131575     -0.104457    0.00119388      0.999936     0.0112448      0.907898    0.00130241    -0.0112464      0.999936     -0.780382
     0.999998   -0.00127891   -0.00127264     -0.113189    0.00129321      0.999935     0.0113048      0.934015     0.0012581    -0.0113065      0.999935     -0.779882
     0.999998   -0.00137344   -0.00123836     -0.122639    0.00138803      0.999929     0.0118517      0.986038    0.00122199    -0.0118534      0.999929     -0.820869
     0.999998   -0.00121678   -0.00133277     -0.112879    0.00123185      0.999935     0.0113646      0.870682    0.00131886    -0.0113662      0.999935     -0.806011
     0.999998   -0.00111519   -0.00136242     -0.107661    0.00113019      0.999938     0.0110631      0.909282       0.00135    -0.0110646      0.999938     -0.786656
     0.999999   -0.00110611   -0.00126116     -0.106391    0.00112044      0.999934     0.0114142      0.938477    0.00124845    -0.0114156      0.999934     -0.786798
     0.999998   -0.00129767   -0.00127973     -0.116728    0.00131265       0.99993      0.011777       1.04027    0.00126435    -0.0117787       0.99993     -0.801447
     0.999998   -0.00120084   -0.00125939     -0.108877    0.00121511      0.999934     0.0113982      0.949912    0.00124562    -0.0113997      0.999934     -0.798575
     0.999999    -0.0011169   -0.00117531     -0.102298    0.00113057      0.999931     0.0117005      0.908267    0.00116216    -0.0117018      0.999931     -0.812075
     0.999998   -0.00121382   -0.00130203     -0.103422    0.00122956      0.999925      0.012154       1.01391    0.00128718    -0.0121556      0.999925      -0.79654
     0.999998   -0.00128968   -0.00126455     -0.110199    0.00130413      0.999933     0.0114984      0.904998    0.00124963       -0.0115      0.999933     -0.784886
     0.999998   -0.00125985   -0.00121142     -0.111477    0.00127377      0.999932     0.0115573       0.93852    0.00119678    -0.0115588      0.999932     -0.823458
     0.999999   -0.00114037   -0.00123546     -0.102517    0.00115417      0.999936     0.0112311      0.823576    0.00122258    -0.0112325      0.999936     -0.793224
     0.999999   -0.00109739   -0.00121719    -0.0993225    0.00111098      0.999936     0.0112226      0.909715    0.00120479    -0.0112239      0.999936     -0.776948
     0.999998   -0.00123949    -0.0012987     -0.111251    0.00125419      0.999934      0.011379      0.971344    0.00128452    -0.0113806      0.999934     -0.785965
     0.999998   -0.00131925   -0.00122969     -0.113015    0.00133346      0.999931     0.0116297      0.961914    0.00121426    -0.0116313      0.999932      -0.80178
     0.999999   -0.00118556   -0.00122068     -0.103036    0.00119924      0.999936     0.0112697      0.894513    0.00120724    -0.0112712      0.999936     -0.794216
     0.999999   -0.00105103   -0.00120346    -0.0961533    0.00106487      0.999933     0.0115532      0.929141    0.00119123    -0.0115545      0.999933     -0.784771
     0.999999   -0.00120271    -0.0011429      -0.10283    0.00121655      0.999925     0.0121887       1.02728    0.00112816    -0.0121901      0.999925     -0.820734
     0.999999   -0.00114546   -0.00114475     -0.103469    0.00115872      0.999931     0.0116531      0.951585    0.00113132    -0.0116544      0.999931     -0.803471
     0.999999   -0.00116734   -0.00121833     -0.110062    0.00118145      0.999932     0.0116408      0.939149    0.00120466    -0.0116422      0.999932     -0.826947
     0.999999   -0.00105512   -0.00124946     -0.103594    0.00107003      0.999928     0.0119931      0.909348    0.00123671    -0.0119944      0.999927     -0.829611
     0.999999   -0.00111642   -0.00125577     -0.103922    0.00113127      0.999929     0.0118894      0.970015    0.00124241    -0.0118908      0.999929     -0.795045
     0.999999   -0.00120905   -0.00120494         -0.11    0.00122322      0.999929     0.0118291       1.00244    0.00119055    -0.0118306      0.999929     -0.808954
     0.999999   -0.00125374   -0.00113663     -0.110195    0.00126774      0.999922     0.0123988       1.03516      0.001121    -0.0124002      0.999922     -0.858612
     0.999999   -0.00097693   -0.00122158    -0.0952261   0.000990863      0.999934     0.0114577      0.915105     0.0012103    -0.0114589      0.999934     -0.814476
     0.999999  -0.000980639   -0.00119781    -0.0929415    0.00099474       0.99993     0.0118288      0.943683    0.00118613      -0.01183      0.999929     -0.798372
     0.999999   -0.00121148   -0.00113268      -0.10838    0.00122512      0.999926     0.0121231       1.01346    0.00111791    -0.0121245      0.999926      -0.82561
     0.999999   -0.00120949   -0.00112464     -0.108558    0.00122342      0.999922     0.0124652       1.00629    0.00110947    -0.0124666      0.999922     -0.852882
     0.999999   -0.00107145   -0.00118225     -0.102226    0.00108561      0.999927     0.0120371      0.973102    0.00116926    -0.0120383      0.999927     -0.857284
     0.999999   -0.00101903    -0.0012497     -0.105554     0.0010344      0.999923     0.0123606      0.988189    0.00123701    -0.0123618      0.999923     -0.859039
     0.999999    -0.0010916   -0.00120066     -0.103425    0.00110658      0.999921     0.0125456       1.00813    0.00118687    -0.0125469      0.999921     -0.837121
     0.999999   -0.00115608   -0.00113284     -0.107529    0.00116971      0.999926     0.0121109      0.959169    0.00111876    -0.0121122      0.999926     -0.826133
     0.999999   -0.00114057   -0.00117798     -0.107983    0.00115477      0.999926     0.0121247        1.0072    0.00116406    -0.0121261      0.999926     -0.875165
     0.999999   -0.00101944   -0.00124454     -0.100825    0.00103449      0.999926     0.0121529      0.915582    0.00123205    -0.0121542      0.999925     -0.849585
     0.999999   -0.00111179    -0.0011462     -0.100722     0.0011256      0.999926     0.0121225       1.01636    0.00113263    -0.0121238      0.999926     -0.833068
     0.999999   -0.00123601   -0.00113947     -0.109462    0.00124974      0.999926      0.012131      0.983179    0.00112439    -0.0121324      0.999926     -0.836091
     0.999999    -0.0012247   -0.00112829     -0.103375    0.00123937      0.999913     0.0130945       1.05223    0.00111215    -0.0130958      0.999914     -0.889386
     0.999999   -0.00103514   -0.00135971     -0.102054    0.00105177      0.999924      0.012284      0.991382    0.00134689    -0.0122855      0.999924     -0.870462
     0.999999   -0.00106766   -0.00127792     -0.102099    0.00108338      0.999923     0.0123675      0.941752    0.00126461    -0.0123689      0.999923     -0.840395
     0.999999    -0.0012007   -0.00110992     -0.101807    0.00121482      0.999917     0.0128075        1.0676    0.00109445    -0.0128088      0.999917     -0.885378
     0.999999   -0.00116687   -0.00109363     -0.102934    0.00118044      0.999921     0.0124873       1.03259    0.00107898    -0.0124885      0.999921     -0.870696
     0.999999   -0.00109023   -0.00114513    -0.0992638    0.00110426      0.999924     0.0123162      0.978298    0.00113162    -0.0123175      0.999923     -0.874925
     0.999999    -0.0010201   -0.00125004    -0.0979691    0.00103591      0.999919     0.0127167      0.921963    0.00123697     -0.012718      0.999918     -0.854113
     0.999999   -0.00113854   -0.00109652     -0.101403    0.00115247      0.999918     0.0127862       1.03371    0.00108187    -0.0127874      0.999918     -0.844379
     0.999999   -0.00130419   -0.00110852     -0.115683    0.00131816      0.999919     0.0126971        1.0485    0.00109187    -0.0126985      0.999919     -0.870999
     0.999999   -0.00102977   -0.00109582    -0.0978379    0.00104387      0.999916     0.0129401       1.01527     0.0010824    -0.0129412      0.999916     -0.910409
     0.999999  -0.000974728   -0.00114298    -0.0949296   0.000988886      0.999922     0.0124523      0.976991    0.00113076    -0.0124534      0.999922      -0.86343
     0.999999   -0.00112871   -0.00113302     -0.103255    0.00114267      0.999922     0.0123974       1.04659    0.00111894    -0.0123987      0.999923     -0.840728
     0.999999   -0.00122694  -0.000996851     -0.103546    0.00123978      0.999915     0.0129874       1.02716   0.000980832    -0.0129886      0.999915     -0.884992
     0.999999   -0.00112571   -0.00107997    -0.0988767    0.00113957      0.999916     0.0129208       1.02935    0.00106533     -0.012922      0.999916     -0.894444
     0.999999  -0.000952453   -0.00114908    -0.0922052   0.000966838       0.99992     0.0125839      0.963141      0.001137    -0.0125849       0.99992     -0.856928
